AK-12
#400-600
436.5
554.0
458.0
452.0
455.5
456.5
456.0
453.5
458.0
183.0
454.0
592.0
455.0
449.5
454.5
456.0
453.5
453.5
451.0
439.0
453.0
444.0
475.5
449.5
439.5
451.5
280.0
489.5
453.5
454.0
450.5
453.0
282.0
591.5
449.5
279.5
281.0
451.5
279.5
280.0
281.0
454.0
448.5
452.0
324.0
281.0
450.5
451.0
456.5
440.0
449.0
491.5
448.90833333333336
282.5
357.0
322.5
357.5
439.0
453.0
366.0
358.0
357.5
440.0
439.0
440.5
453.0
538.0
282.0
440.0
448.909375
451.0
453.0
282.0
281.0
282.0
451.0
282.0
426.0
451.0
450.0
279.0
279.0
278.0
452.0
437.0
281.0
281.0
452.7934426229508
534.5
281.0
281.0
282.0
281.0
447.0
440.0
280.0
280.0
439.0


AK-47
#400-700
11.333333333333332
9.5
9.5
9.5
9.5
3.0
172.5
568.5
362.0
530.5
433.5
11.5
491.0
9.5
19.5
9.5
259.0
343.0
1956.0
459.0
405.5
593.0
11.0
555.5
666.5
1824.5
1965.5
605.0
609.5
604.5
401.0
589.0
319.0
9.666666666666666
384.5
686.0
536.0
361.5
562.0
408.0
350.5
591.5
1646.5
548.0
9.5
422.0
106.0
108.5
406.5
166.0
420.0
316.0
331.5
377.0
387.0
9.5
385.0
887.5
887.5
907.5
394.5
851.0
908.0
328.0
812.5
2159.5
10.0
2136.5
2033.5
2128.5
5.5
9.5


M16
#0-150
49.0
652.0
3.0
311.5
310.0
251.5
205.5
342.5
206.0
310.0
342.5
343.0
50.0
365.5
343.0
365.5
9.0
30.0
31.0
40.0
29.5
29.5
30.5
48.0
102.5
101.5
101.0
100.0
99.5
36.5
125.5
49.0
24.5
32.0
48.5
125.0
125.0
125.0
125.0
76.5
70.5
69.0
4.5
3.0
70.5
469.5
70.0
10.0
20.0
20.0
20.0
63.5
57.5
88.0
54.0
87.0
469.5
76.0
121.5
222.5
9.5
59.5
60.0
100.0
99.5
14.0
39.5
469.5
37.5
38.5
37.5
110.5
76.5
100.0
75.5
76.0
66.0
75.5
469.0
68.0
75.5
67.5
69.5
376.0
376.0
375.0
375.5
375.5
375.0
469.5
75.5
75.5
112.0
120.0
162.5
76.0
75.0
78.0
3.0
3.0


M249
#0-180
240.0
13.0
13.5
13.5
13.0
14.0
13.5
30.0
29.5
30.0
29.5
133.5
29.5
30.0
29.5
29.0
104.0
29.5
29.5
29.5
9.0
63.5
134.0
55.0
54.5
54.0
47.0
140.5
47.0
167.5
70.0
168.0
157.5
133.0
70.0
161.0
90.5
116.5
104.5
117.0
90.5
116.0
103.5
116.0
134.0
100.0
101.0
101.5
121.0
101.5
101.5
56.0
56.0
56.0
47.0
14.0
56.0
56.0
56.0
36.5
72.5
36.5
36.0
58.5
12.5
46.0
14.5
47.5
64.0
64.0
200.0
200.0
12.5
12.5
13.0
12.0
69.5
13.0
84.5
11.5
59.0
84.5
11.5
11.5
63.5
50.5
13.0
63.5
13.5
25.5
50.5
39.5
44.5
26.5
42.0
39.5
39.5
52.5
41.0


M4
#0-150
49.0
652.0
3.0
311.5
310.0
251.5
205.5
342.5
206.0
310.0
342.5
343.0
50.0
365.5
343.0
365.5
9.0
30.0
31.0
40.0
29.5
29.5
30.5
48.0
102.5
101.5
101.0
100.0
99.5
36.5
125.5
49.0
24.5
32.0
48.5
125.0
125.0
125.0
125.0
76.5
70.5
69.0
4.5
3.0
70.5
469.5
70.0
10.0
20.0
20.0
20.0
63.5
57.5
88.0
54.0
87.0
469.5
76.0
121.5
222.5
9.5
59.5
60.0
100.0
99.5
14.0
39.5
469.5
37.5
38.5
37.5
110.5
76.5
100.0
75.5
76.0
66.0
75.5
469.0
68.0
75.5
67.5
69.5
376.0
376.0
375.0
375.5
375.5
375.0
469.5
75.5
75.5
112.0
120.0
162.5
76.0
75.0
78.0
3.0
3.0


Machine Gun
#0-100
15.95238095238095
15.95238095238095
16.001662510390688


MG-42
#0-150
140.0
60.5
64.0
41.0
40.5
40.5
60.5
40.5
60.5
60.5
142.0
147.5
98.0
126.0
148.0
43.0
43.0
42.5
43.0
42.0
43.0
42.5
42.5
100.0
87.0
80.0
16.0
16.0
80.5
80.0
16.5
80.0
80.5
80.0
111.5
16.0
16.0
16.0
80.0
16.0
59.5
60.0
59.5
17.5
34.5
98.0
17.0
17.0
34.5
34.5
17.0
52.5
52.5
52.5
60.0
60.0
113.0
116.5
60.0
116.5
263.0
267.0
250.0
296.5
53.0
100.0
100.0
111.5
100.0
100.0
100.0
15.0
15.5
16.5
45.5
16.0
15.0
15.0
98.0
15.5
15.5
14.5
14.5
15.5
15.0
15.0
15.0
14.5
69.5
40.0
52.5
69.5
52.0
70.0
52.5
70.0
64.5
63.5
67.0
68.0


MP5
#0-150
63.5
24.5
99.0
146.0
66.5
66.0
4.0
15.5
140.0
93.5
95.5
257.5
83.0
74.5
72.0
75.5
75.0
36.0
33.0
27.5
36.0
27.0
12.0
83.5
203.5
71.0
77.5
12.5
13.0
13.0
13.0
13.5
47.0
53.5
64.5
62.5
12.5
18.0
12.0
61.0
50.0
76.5
113.5
100.0
113.5
70.0
300.0
120.0
2.5
2.5
76.0
40.0
40.0
40.0
147.0
133.0
96.0
5.0
3.5
4.0
3.0
70.0
69.0
195.0
203.5
91.0
182.0
96.5
10.0
10.5
12.0
117.0
73.0
117.5
49.5
50.5
136.5
138.5
95.5
100.0
20.0
200.0
47.0
12.0
18.0
185.0
382.5
185.5
231.0
66.0
236.5
235.5
236.0
64.0
64.0
63.5
51.0
68.0
42.5
42.0


